ppac_x_left
0 1285	2916
1 977	2694
2 1143 	2822
3 1121	2875
4 1285 	2950
5 1151 	2830
6 1181 	3108
7 1264	2995
8 1467 	2408
9 1431 	3303

ppac_x_right
0 2160 	2875
1 1286 	2997
2 1187 	2922
3 1174 	3009
4 1224   2909
5 987 	2897
6 1261	3122
7 1087 	2847
8 1274 	3009
9 1224 	2934

new thiner for run 254
left:
0 1424 2897
1 1162 2547
2 1100 2617
3 1109 2652
4 1304 2785
5 1242 2768
6 1304 2794
7 1348 2821
8 1641 3185
9 1517 3007

right:
0 2225 3642
1 1450 2823
2 1262 2723
3 1284 2745
4 1317 2789
5 1229 2657
6 1362 2756
7 1240 2712
8 1495 3022
9 1616 2812



